0.000000000000000000e+00
2.500000000000000139e-02
5.000000000000000278e-02
7.499999999999999722e-02
1.000000000000000056e-01
1.250000000000000000e-01
1.500000000000000222e-01
1.750000000000000167e-01
2.000000000000000111e-01
2.250000000000000333e-01
2.500000000000000000e-01
2.750000000000000222e-01
3.000000000000000444e-01
3.250000000000000111e-01
3.500000000000000333e-01
3.750000000000000000e-01
4.000000000000000222e-01
4.250000000000000444e-01
4.500000000000000666e-01
4.749999999999999778e-01
5.000000000000000000e-01
5.250000000000000222e-01
5.500000000000000444e-01
5.749999999999999556e-01
5.999999999999999778e-01
6.250000000000000000e-01
6.500000000000000222e-01
6.750000000000000444e-01
6.999999999999999556e-01
7.249999999999999778e-01
7.500000000000000000e-01
7.750000000000000222e-01
8.000000000000000444e-01
8.249999999999999556e-01
8.500000000000000888e-01
8.750000000000000000e-01
9.000000000000001332e-01
9.250000000000000444e-01
9.499999999999999556e-01
9.750000000000000888e-01
1.000000000000000000e+00
1.025000000000000133e+00
1.050000000000000044e+00
1.074999999999999956e+00
1.100000000000000089e+00
1.125000000000000000e+00
1.150000000000000133e+00
1.175000000000000044e+00
1.199999999999999956e+00
1.225000000000000089e+00
1.250000000000000000e+00
1.275000000000000133e+00
1.300000000000000044e+00
1.324999999999999956e+00
1.350000000000000089e+00
1.375000000000000000e+00
1.400000000000000133e+00
1.425000000000000044e+00
1.449999999999999956e+00
1.475000000000000089e+00
1.500000000000000000e+00
1.525000000000000133e+00
1.550000000000000044e+00
1.574999999999999956e+00
1.600000000000000089e+00
1.625000000000000000e+00
1.649999999999999911e+00
1.675000000000000266e+00
1.700000000000000178e+00
1.725000000000000089e+00
1.750000000000000000e+00
1.774999999999999911e+00
1.800000000000000266e+00
1.825000000000000178e+00
1.850000000000000089e+00
1.875000000000000000e+00
1.899999999999999911e+00
1.925000000000000266e+00
1.950000000000000178e+00
1.975000000000000089e+00
2.000000000000000000e+00
2.025000000000000355e+00
2.050000000000000266e+00
2.075000000000000178e+00
2.100000000000000089e+00
2.125000000000000444e+00
2.150000000000000355e+00
2.175000000000000266e+00
2.200000000000000178e+00
2.225000000000000089e+00
2.250000000000000444e+00
2.275000000000000355e+00
2.300000000000000266e+00
2.325000000000000178e+00
2.350000000000000089e+00
2.375000000000000444e+00
2.400000000000000355e+00
2.425000000000000266e+00
2.450000000000000178e+00
2.475000000000000089e+00
2.500000000000000444e+00
2.525000000000000355e+00
2.550000000000000266e+00
2.575000000000000178e+00
2.600000000000000089e+00
2.625000000000000444e+00
2.650000000000000355e+00
2.675000000000000266e+00
2.700000000000000178e+00
2.725000000000000089e+00
2.750000000000000444e+00
2.775000000000000355e+00
2.800000000000000266e+00
2.825000000000000178e+00
2.850000000000000089e+00
2.875000000000000444e+00
2.900000000000000355e+00
2.925000000000000266e+00
2.950000000000000178e+00
2.975000000000000089e+00
3.000000000000000444e+00
3.025000000000000355e+00
3.050000000000000266e+00
3.075000000000000178e+00
3.100000000000000089e+00
3.125000000000000444e+00
3.150000000000000355e+00
3.175000000000000266e+00
3.200000000000000178e+00
3.225000000000000533e+00
3.250000000000000000e+00
3.275000000000000355e+00
3.300000000000000711e+00
3.325000000000000178e+00
3.350000000000000533e+00
3.375000000000000000e+00
3.400000000000000355e+00
3.425000000000000711e+00
3.450000000000000178e+00
3.475000000000000533e+00
3.500000000000000000e+00
3.525000000000000355e+00
3.550000000000000711e+00
3.575000000000000178e+00
3.600000000000000533e+00
3.625000000000000000e+00
3.650000000000000355e+00
3.675000000000000711e+00
3.700000000000000178e+00
3.725000000000000533e+00
3.750000000000000000e+00
3.775000000000000355e+00
3.800000000000000711e+00
3.825000000000000178e+00
3.850000000000000533e+00
3.875000000000000000e+00
3.900000000000000355e+00
3.925000000000000711e+00
3.950000000000000178e+00
3.975000000000000533e+00
4.000000000000000000e+00
4.025000000000000355e+00
4.050000000000000711e+00
4.075000000000000178e+00
4.100000000000000533e+00
4.125000000000000000e+00
4.150000000000000355e+00
4.175000000000000711e+00
4.200000000000000178e+00
4.225000000000000533e+00
4.250000000000000000e+00
4.275000000000000355e+00
4.300000000000000711e+00
4.325000000000000178e+00
4.350000000000000533e+00
4.375000000000000000e+00
4.400000000000000355e+00
4.425000000000000711e+00
4.450000000000000178e+00
4.475000000000000533e+00
4.500000000000000000e+00
4.525000000000000355e+00
4.550000000000000711e+00
4.575000000000000178e+00
4.600000000000000533e+00
4.625000000000000000e+00
4.650000000000000355e+00
4.675000000000000711e+00
4.700000000000000178e+00
4.725000000000000533e+00
4.750000000000000000e+00
4.775000000000000355e+00
4.800000000000000711e+00
4.825000000000000178e+00
4.850000000000000533e+00
4.875000000000000000e+00
4.900000000000000355e+00
4.925000000000000711e+00
4.950000000000000178e+00
4.975000000000000533e+00
5.000000000000000000e+00
5.025000000000000355e+00
5.050000000000000711e+00
5.075000000000000178e+00
5.100000000000000533e+00
5.125000000000000000e+00
5.150000000000000355e+00
5.175000000000000711e+00
5.200000000000000178e+00
5.225000000000000533e+00
5.250000000000000000e+00
5.275000000000000355e+00
5.300000000000000711e+00
5.325000000000000178e+00
5.350000000000000533e+00
5.375000000000000000e+00
5.400000000000000355e+00
5.425000000000000711e+00
5.450000000000000178e+00
5.475000000000000533e+00
5.500000000000000000e+00
5.525000000000000355e+00
5.550000000000000711e+00
5.575000000000000178e+00
5.600000000000000533e+00
5.625000000000000000e+00
5.650000000000000355e+00
5.675000000000000711e+00
5.700000000000000178e+00
5.725000000000000533e+00
5.750000000000000000e+00
5.775000000000000355e+00
5.800000000000000711e+00
5.825000000000000178e+00
5.850000000000000533e+00
5.875000000000000000e+00
5.900000000000000355e+00
5.925000000000000711e+00
5.950000000000000178e+00
5.975000000000000533e+00
6.000000000000000000e+00
6.025000000000000355e+00
6.050000000000000711e+00
6.075000000000000178e+00
6.100000000000000533e+00
6.125000000000000000e+00
6.150000000000000355e+00
6.175000000000000711e+00
6.200000000000000178e+00
6.225000000000000533e+00
6.250000000000000000e+00
6.275000000000000355e+00
6.300000000000000711e+00
6.325000000000000178e+00
6.350000000000000533e+00
6.375000000000000000e+00
6.400000000000000355e+00
6.425000000000000711e+00
6.450000000000001066e+00
6.474999999999999645e+00
6.500000000000000000e+00
6.525000000000000355e+00
6.550000000000000711e+00
6.575000000000001066e+00
6.599999999999999645e+00
6.625000000000000000e+00
6.650000000000000355e+00
6.675000000000000711e+00
6.700000000000001066e+00
6.724999999999999645e+00
6.750000000000000000e+00
6.775000000000000355e+00
6.800000000000000711e+00
6.825000000000001066e+00
6.849999999999999645e+00
6.875000000000000000e+00
6.900000000000000355e+00
6.925000000000000711e+00
6.950000000000001066e+00
6.974999999999999645e+00
7.000000000000000000e+00
7.025000000000000355e+00
7.050000000000000711e+00
7.075000000000001066e+00
7.099999999999999645e+00
7.125000000000000000e+00
7.150000000000000355e+00
7.175000000000000711e+00
7.200000000000001066e+00
7.224999999999999645e+00
7.250000000000000000e+00
7.275000000000000355e+00
7.300000000000000711e+00
7.325000000000001066e+00
7.349999999999999645e+00
7.375000000000000000e+00
7.400000000000000355e+00
7.425000000000000711e+00
7.450000000000001066e+00
7.474999999999999645e+00
7.500000000000000000e+00
7.525000000000000355e+00
7.550000000000000711e+00
7.575000000000001066e+00
7.599999999999999645e+00
7.625000000000000000e+00
7.650000000000000355e+00
7.675000000000000711e+00
7.700000000000001066e+00
7.724999999999999645e+00
7.750000000000000000e+00
7.775000000000000355e+00
7.800000000000000711e+00
7.825000000000001066e+00
7.849999999999999645e+00
7.875000000000000000e+00
7.900000000000000355e+00
7.925000000000000711e+00
7.950000000000001066e+00
7.974999999999999645e+00
8.000000000000000000e+00
8.025000000000000355e+00
8.050000000000000711e+00
8.074999999999999289e+00
8.099999999999999645e+00
8.125000000000000000e+00
8.150000000000000355e+00
8.175000000000000711e+00
8.199999999999999289e+00
8.224999999999999645e+00
8.250000000000000000e+00
8.275000000000000355e+00
8.300000000000000711e+00
8.324999999999999289e+00
8.349999999999999645e+00
8.375000000000000000e+00
8.400000000000000355e+00
8.425000000000000711e+00
8.449999999999999289e+00
8.474999999999999645e+00
8.500000000000000000e+00
8.525000000000000355e+00
8.550000000000000711e+00
8.574999999999999289e+00
8.599999999999999645e+00
8.625000000000000000e+00
8.650000000000000355e+00
8.675000000000000711e+00
8.699999999999999289e+00
8.724999999999999645e+00
8.750000000000000000e+00
8.775000000000000355e+00
8.800000000000000711e+00
8.824999999999999289e+00
8.849999999999999645e+00
8.875000000000000000e+00
8.900000000000000355e+00
8.925000000000000711e+00
8.949999999999999289e+00
8.974999999999999645e+00
9.000000000000000000e+00
9.025000000000000355e+00
9.050000000000000711e+00
9.074999999999999289e+00
9.099999999999999645e+00
9.125000000000000000e+00
9.150000000000000355e+00
9.175000000000000711e+00
9.199999999999999289e+00
9.224999999999999645e+00
9.250000000000000000e+00
9.275000000000000355e+00
9.300000000000000711e+00
9.324999999999999289e+00
9.349999999999999645e+00
9.375000000000000000e+00
9.400000000000000355e+00
9.425000000000000711e+00
9.449999999999999289e+00
9.474999999999999645e+00
9.500000000000000000e+00
9.525000000000000355e+00
9.550000000000000711e+00
9.574999999999999289e+00
9.599999999999999645e+00
9.625000000000000000e+00
9.650000000000000355e+00
9.675000000000000711e+00
9.699999999999999289e+00
9.724999999999999645e+00
9.750000000000000000e+00
9.775000000000000355e+00
9.800000000000000711e+00
9.824999999999999289e+00
9.849999999999999645e+00
9.875000000000000000e+00
9.900000000000000355e+00
9.925000000000000711e+00
9.949999999999999289e+00
9.974999999999999645e+00
1.000000000000000000e+01
