2.344375000000000497e+01
2.345625000000000426e+01
2.346875000000000355e+01
2.348125000000000284e+01
2.349375000000000213e+01
2.350625000000000497e+01
2.351875000000000426e+01
2.353125000000000355e+01
2.354375000000000284e+01
2.355625000000000213e+01
2.356875000000000497e+01
2.358125000000000426e+01
2.359375000000000355e+01
2.360625000000000284e+01
2.361875000000000213e+01
2.363125000000000497e+01
2.364375000000000426e+01
2.365625000000000355e+01
2.366875000000000284e+01
2.368125000000000213e+01
2.369375000000000497e+01
2.370625000000000426e+01
2.371875000000000355e+01
2.373125000000000284e+01
2.374375000000000213e+01
2.375625000000000497e+01
2.376875000000000426e+01
2.378125000000000355e+01
2.379375000000000284e+01
2.380625000000000213e+01
2.381875000000000497e+01
2.383125000000000426e+01
2.384375000000000355e+01
2.385625000000000284e+01
2.386875000000000213e+01
2.388125000000000497e+01
2.389375000000000426e+01
2.390625000000000355e+01
2.391875000000000284e+01
2.393125000000000213e+01
2.394375000000000497e+01
2.395625000000000426e+01
2.396875000000000355e+01
2.398125000000000284e+01
2.399375000000000213e+01
2.400625000000000497e+01
2.401875000000000426e+01
2.403125000000000355e+01
2.404375000000000284e+01
2.405625000000000213e+01
2.406875000000000497e+01
2.408125000000000426e+01
2.409375000000000355e+01
2.410625000000000284e+01
2.411875000000000213e+01
2.413125000000000497e+01
2.414375000000000426e+01
2.415625000000000355e+01
2.416875000000000284e+01
2.418125000000000213e+01
2.419375000000000497e+01
2.420625000000000426e+01
2.421875000000000355e+01
2.423125000000000284e+01
2.424375000000000213e+01
2.425625000000000497e+01
2.426875000000000426e+01
2.428125000000000355e+01
2.429375000000000284e+01
2.430625000000000213e+01
2.431875000000000497e+01
2.433125000000000426e+01
2.434375000000000355e+01
2.435625000000000284e+01
2.436875000000000213e+01
2.438125000000000497e+01
2.439375000000000426e+01
2.440625000000000355e+01
2.441875000000000284e+01
2.443125000000000213e+01
2.444375000000000497e+01
2.445625000000000426e+01
2.446875000000000355e+01
2.448125000000000284e+01
2.449375000000000213e+01
2.450625000000000497e+01
2.451875000000000426e+01
2.453125000000000355e+01
2.454375000000000284e+01
2.455625000000000213e+01
2.456875000000000497e+01
2.458125000000000426e+01
2.459375000000000355e+01
2.460625000000000284e+01
2.461875000000000213e+01
2.463125000000000497e+01
2.464375000000000426e+01
2.465625000000000355e+01
2.466875000000000284e+01
2.468125000000000213e+01
2.469375000000000497e+01
2.470625000000000426e+01
2.471875000000000355e+01
2.473125000000000284e+01
2.474375000000000213e+01
2.475625000000000497e+01
2.476875000000000426e+01
2.478125000000000355e+01
2.479375000000000284e+01
2.480625000000000213e+01
2.481875000000000497e+01
2.483125000000000426e+01
2.484375000000000355e+01
2.485625000000000284e+01
2.486875000000000213e+01
2.488125000000000497e+01
2.489375000000000426e+01
2.490625000000000355e+01
2.491875000000000284e+01
2.493125000000000213e+01
2.494375000000000497e+01
2.495625000000000426e+01
2.496875000000000355e+01
2.498125000000000284e+01
2.499375000000000213e+01
2.500625000000000497e+01
2.501875000000000426e+01
2.503125000000000355e+01
2.504375000000000284e+01
2.505625000000000213e+01
2.506875000000000497e+01
2.508125000000000426e+01
2.509375000000000355e+01
2.510625000000000284e+01
2.511875000000000213e+01
